0 
45
-56.3442382812 142.432800293 3.49375491309e-06 -1.73489826549e-20 0.000145158949049 3.0 
287.672149658 297.339477539 0.0021875032573 0.000331346830738 0.000896396969457 3.0 
572.663879395 297.517578125 0.000392388065359 0.000213116276801 0.000306623207799 3.0 
200.506820679 271.781707764 0.000775694599787 -0.000534387246177 0.00107341782625 3.0 
652.049987793 199.939926147 0.000363964714154 0.00049024507317 0.00192491775152 3.0 
356.702636719 89.181137085 0.00511869871663 0.00576713016995 0.00774350922133 3.0 
297.262969971 645.468322754 0.057881437904 0.0162275604831 0.00548361399908 2.0 
920.943054199 617.644897461 0.0051576471879 -0.00217914586575 0.00428679725655 2.0 
454.553405762 599.109924316 0.00205567056033 -0.000918288936122 0.00345057943967 2.0 
334.23638916 579.861328125 0.00140850833284 0.000274651101991 0.0034234413921 2.0 
394.908721924 485.476379395 0.000229568411387 -9.83990770665e-19 0.00826446280992 2.0 
455.413879395 554.005615234 0.00804827480372 -0.00444035801003 0.00775761182109 2.0 
202.070480347 547.702636719 0.00500460376676 0.000594958251546 0.00146917916205 2.0 
542.14831543 559.212097168 0.00357765991042 0.00158138988885 0.00155930530965 2.0 
884.571594238 556.352294922 0.00115724729802 -0.00066883051166 0.000963331325582 2.0 
799.295837402 514.182189941 0.00303387842787 -0.002912273906 0.00477561791969 2.0 
429.44317627 511.30657959 0.000458075824474 6.33577175078e-05 0.000600951953304 2.0 
206.266784668 490.587524414 0.000832925674193 -0.000109468138109 0.000777868746976 2.0 
917.718688965 458.47454834 0.00238315179742 -0.00523103890296 0.018890063371 2.0 
678.010620117 490.229644775 0.000305467172351 -0.000126789470488 0.00117086724165 2.0 
642.327087402 434.838684082 0.00411059433431 -0.00337295595933 0.00552561058809 2.0 
866.518493652 391.60144043 0.000656690882119 7.08659860206e-05 0.000552358819124 2.0 
840.119384766 343.227050781 0.00277008310249 -8.85409458663e-19 0.01 2.0 
776.22857666 298.583526611 0.00608512308931 -0.00168780468473 0.00362940445763 2.0 
749.341308594 292.073059082 0.00336077935001 -0.00130050169646 0.000805616331573 2.0 
263.410919189 282.703552246 0.00259716606269 0.00062252393328 0.000528915615812 2.0 
916.760009766 245.631500244 0.000411087257622 -7.49887067867e-05 0.000907186387924 2.0 
597.295349121 181.686035156 0.00443902520049 0.000594338521094 0.00456926561583 2.0 
850.353759766 210.564178467 0.00113995926294 -0.00128073056325 0.00224372565066 2.0 
522.749511719 159.382324219 0.0020492811895 -0.000475114293191 0.0024569130241 2.0 
282.086120605 179.601821899 0.000229008134651 0.000166422289257 0.000592819610254 2.0 
629.247802734 70.5076065063 0.00012104828951 -4.44779353121e-05 0.00694415451745 2.0 
580.124145508 106.370147705 0.000816749438915 0.000161512720246 0.0624995770917 2.0 
568.746032715 104.799377441 0.00054084985657 -0.00228019994519 0.111064088415 2.0 
526.504150391 73.8475723267 0.00117841148193 -0.0020314934523 0.0624326996292 2.0 
509.929138184 65.7413330078 0.00140392902997 -0.00362320497282 0.0622851316121 2.0 
491.962158203 58.0900650024 0.00137927140735 -0.00200183247798 0.0398962387967 2.0 
506.270019531 466.561584473 0.000115867291494 -4.97961709085e-06 0.00021601598721 1.0 
250.125427246 471.881958008 0.010650679655 -0.00349110949283 0.00515520696976 1.0 
444.983062744 364.814910889 0.00205443333484 -0.0015005614356 0.0018584678041 1.0 
738.192871094 321.360656738 0.000252820739653 -2.73871910966e-05 0.000247723801323 1.0 
850.154724121 206.348175049 0.00247518822488 -0.00279242486411 0.00519971640948 1.0 
107.184616089 120.965690613 0.00491355298873 -0.0008835761371 0.000960092765869 1.0 
113.138076782 84.4758605957 0.020262783898 0.00167167922884 0.00118596209361 1.0 
161.371368408 519.393493652 0.00275061532745 0.0016504664051 0.0050569036041 4.0 
